0.202854235210345 0.10721891385645 -0.0362379203485426 -0.23214625116221
-0.713997278102735 -0.395679226110576 -0.425049560390279 0.374084557771438
-0.485942352404242 0.0460002681117908 -0.783949078098322 0.103045016948271
0.126197544337588 -0.201409540168251 -0.255261817190971 -0.607202821900435
-0.226018062976084 -0.167455797562764 0.104077448447049 0.0956727022825121
0.147006312854367 -0.523298897812264 -0.0945894625806923 -0.131234522491572
0.40838535992044 -0.453979715895771 -0.0044359868850562 0.689448450970262
0.193948696817413 0.637322901698813 -0.460911550271828 0.504200245898097
-0.174601558546263 -0.409733546568319 -0.139484581733101 -0.157519141453685
0.0766629869058499 -0.217337748831201 -0.0607837884941241 -0.735161757559389
0.0410631557630705 -0.237938537673359 -0.896796222711196 -0.039475166813828
0.469548266168378 -0.310582529378905 -0.448899371166145 0.221628545971354
-0.297081544287395 -0.245787559973505 -0.762507181548315 0.0253096675157978
0.161561289155072 0.413704761552285 0.00928972167081654 -0.0267451453781572
-0.0933686617294552 -0.685116009470113 0.345325842760166 0.063064011414677
-0.271745600566179 -0.316919214878477 -0.188991176029986 0.324672954544391
0.222802286614701 0.533029478308883 -0.0413195848496046 -0.325019845999269
-0.584995252384532 0.220951197534877 -0.316586941109453 -0.0676086003637987
-0.148055249033589 -0.417592127117096 0.0898003712304323 0.287380758729738
-0.201658907743594 -0.240110236347217 -0.135222457087877 0.0490877981002564
-0.0664697385711777 -0.256746594401103 0.217306741552817 -0.362295017688058
-0.0237349491961847 0.225995162221299 -0.201277777618978 -0.246610969480006
0.253455794768795 -0.0478100228805942 -0.354760239875309 -0.298691723559698
-0.153345593240784 0.0526017439338866 -0.162651792140151 -0.239787146924014
-0.327094214695337 -0.0895583590546494 -0.328459860152439 -0.407122342579909
0.211901026201287 -0.428629609323837 -0.344009385418426 -0.692015121870931
-0.469144889738899 -0.0287031703137786 -0.227238837948819 0.361803829208407
-0.122611987978297 -0.126111400653472 -0.2042366421703 -0.736616475595744
0.302139264429581 -0.392579514484949 0.1928219143048 -0.00309669788859912
-0.175015409214757 -0.283100016581907 0.209984660522966 -0.0319646709621625
0.260944284663505 0.0493982618925817 0.312782308879101 0.00517215704978824
-0.340293482380859 0.372681718934095 -0.525443252784918 -0.14740240758528
-0.463696599470585 0.227839840229228 -0.0156495134058393 0.0506592286458518
-0.334953978923077 -0.750504885917865 -0.235189701079744 -0.150646036617667
0.138621616730249 -0.575747361986775 0.138940839313939 -0.403359928297061
-0.278429094642845 -0.084358864013116 -0.354886960713529 0.169184673196433
0.422850120641395 0.710453507881398 -0.122894154294504 0.147223852888963
0.0534177799458839 -0.407776463607922 -0.328131531850299 -0.265744987371134
-0.104678123132191 0.145634845202917 -0.427532125486602 0.405450374207092
-0.194692243377643 0.205003728506444 0.241465273815068 -0.372417484101942
0.129384875145972 0.267486006273972 0.161994591146678 -0.201989464642352
-0.402057529166189 0.154669553756989 -0.419831876288516 -0.0262098495578982
0.392134996159906 -0.246628349346034 -0.175949201028773 0.216535262868284
-0.341707543806654 -0.304257695353371 -0.264925269129797 0.481102319725369
0.463613479915173 0.207447885303139 -0.245465918481015 -0.297446414450014
0.292668318521309 -0.252616098791758 -0.0301349201687837 -0.0416589916535687
0.0717302413237022 -0.133943657583749 0.243976626136846 0.127027509488114
-0.212915204727628 -0.0344368671695977 -0.726552425434865 -0.977196331365847
-0.277925802629916 -0.140558502820921 0.326335370174385 0.522652716952333
-0.102233436076006 0.426671214213812 0.140887418144429 0.0364596569310414
0.12499037442463 0.156447209514442 -0.494492721744794 0.179630329449247
-0.260770315393214 0.0771605905643218 -0.184805902943014 0.27778349902087
-0.275476919364237 -0.502851913860719 -0.227793880907043 -0.0523759332625477
-0.91490574519132 -0.262369991536551 -0.470052472110967 -0.51565229725569
0.107805873488078 0.190473871826495 -0.411543871811983 -0.18295910397779
-0.0613078825036506 0.281102995908993 0.358284392976039 0.203405588541049
-0.0604248320347689 -0.587275801961174 -0.205394220387959 0.449899173466763
-0.584869427430373 0.144482334636688 0.0109202580595296 0.0217725774827673
-0.0233791958826836 -0.28040623507317 -0.208566775810097 -0.170317526794017
-0.671838185525116 0.191403962172453 0.329463018648393 -0.284481573627447
-0.112452069107219 -0.0208319907579625 -0.0487875585288087 0.146942888158306
-0.176223657614465 -0.395793549435216 -0.256329200529185 -0.288730413279629
-0.66340940796237 -0.139132666587066 0.141685494106673 0.0543291005011366
-0.317264593664145 -0.0557175783968541 -0.339399385528729 0.0110948537766713
0.00490416431079055 0.0237511829402757 -0.387232610028085 0.239410075377556
0.105983896560049 0.00584323823720134 -0.00545939596811917 -0.235511404243148
-0.408284924461981 -0.150842280434066 -0.214896023355901 0.0894070362261525
-0.255679370829117 -0.18537089689186 -0.238797991519392 0.297134608403828
0.179047479278365 -0.169630084442651 0.376784749345742 0.037066343233811
-0.0955154739135821 -0.216554047675813 -0.0202134923311557 0.256134585972377
-0.143513862758433 0.0962294676894151 -0.0127160486472272 -0.204410221732119
0.470765748396739 0.321653777288524 -0.0607663642941028 -0.537648867875352
-0.057269815879383 -0.234615849196935 0.0868398862866584 -0.193001412830243
-0.150874553654519 -0.1007047516391 -0.175241373084094 -0.128318523740077
-0.282170640199394 -0.382285552673481 -0.226045726599036 -0.339160782522252
0.504948007595005 0.646418827608993 0.218309779645191 -0.177821197800637
0.262595699126987 -0.0458205475648868 -0.430457603566135 -0.205676745917833
-0.0973376698525098 -0.206222996123985 -0.00602450278626232 -0.00537771315576241
0.00975642682386968 -0.170443687922543 0.292039634601762 0.10528716781581
-0.448367211889773 -0.397285200330745 0.0676055745746917 0.10005372941687
-0.23700967032432 0.0386042306466547 -0.274005194010836 0.103428684491236
0.0364194224886401 -0.320291890577396 0.338997287335349 -0.448240383059
-0.470166010334312 0.262024374941113 0.299078374586272 -0.0709100734526561
0.0141237901435196 0.233792820908932 0.767635311725591 0.237293947606004
0.381135145373293 -0.0384518511542276 -0.368108191122432 -0.137854383365862
0.280469556795207 -0.520751354878423 0.0703515460688846 -0.181121966349614
-0.17206393066577 -0.626003748682508 -0.429122124291315 -0.670217201802981
0.0882513718182139 0.420430499635143 0.0532052261481948 -0.228110465103812
0.152398689746212 -0.20176535107225 -0.296017663412333 -0.401485931063072
-0.516213818672372 -0.20769674127366 0.127555584821787 -0.250593614351831
0.0859921658592697 -0.580538635702455 0.0259501067000585 -0.0843171575464193
-0.592692893373405 -0.129937206595337 0.0115109561470301 0.10186468247961
0.15375816570339 -0.120323219642872 0.0924838439445754 -0.0246387164248155
-0.54417655022376 0.524539359887627 0.0473200990068097 0.318896525182235
-0.214986502189098 -0.13766982136168 0.0789247756834854 -0.428376674716265
-0.169971451730769 -0.412415494564826 -0.235610911519843 -0.291647208812413
0.0532644507451365 -0.0477808761236722 -0.374102799088558 -0.108304731797599
0.280083372502134 -0.0105821734074235 -0.0772385066143216 -0.0341070409164927
0.056474855906941 -0.0785722143527214 0.103848023473739 -0.117615742542169
-0.254139104571282 0.320604842697287 0.160690045312712 0.0608246672440842
0.515435151826537 -0.268091283059588 -0.176238909558851 0.10293433937832
0.035531281538747 -0.134426620278127 -0.252329389387199 -0.155313940439706
-0.0866458576084633 -0.254096252689699 -0.159633657819525 0.344081308578725
-0.0927234033110661 -0.149610212504833 -0.0746303638617168 -0.472150488931585
-0.687088896456643 -0.405387039777505 -0.289686174570628 -0.187551658288791
0.261516405013183 -0.164083198620172 -0.381042359551699 -0.0213534410438379
-0.0641378705356804 0.166668225186282 -0.248877164064905 -0.448381540526259
-0.272471671033372 -0.312234537365402 0.0995013801292381 -0.320404607588173
-0.34510645997476 0.00836922443635024 0.156763725428042 -0.570120481501226
-0.000515750299721507 -0.271079528755957 -0.174064489409192 -0.0329676462542117
0.2712766142799 -0.0553836870980757 -0.549997373938676 -0.0441131331464896
-0.151678093732825 0.0729267227963641 -0.0956165002261171 -0.109036835789664
-0.373102178388023 -0.0360267518441376 -0.446731360816068 -0.347514954416267
0.0933173081349896 0.0827080250745402 -0.307815071522379 -0.194225800071641
-0.544598482310649 -0.70413414115975 -0.0526052436276487 -0.568016628121654
0.182731195077812 -0.258354571852854 0.566884074872455 -0.166094968708746
0.112360836595678 0.048644028674464 -0.0261959406681315 -0.0464347377646497
-0.196104220509589 0.0443522363284072 -0.145656713779251 -0.563598532343372
-0.517220105638911 -0.212838004647799 0.154214791218559 -0.449344776153441
-0.07242644710151 -0.038324963858267 0.590885096387904 0.306482959533759
0.127462299929531 -0.153594804795029 0.209879711096648 -0.327222008266625
-0.298887371787239 -0.086951933550851 -0.189275733637423 -0.449315684666082
-0.145676888810032 0.165884303446897 -0.480629353114044 0.00756625008386624
0.187409446562989 0.0159244431615013 -0.195009818087431 0.0617538672000957
-0.923915086721775 0.167495409735157 0.138580124867249 -0.477597812160518
-0.0205395224920727 -0.1170390432727 -0.678344063671064 -0.0494673122573519
-0.0915634830790053 -0.164949260137969 -0.38563373673336 -0.0617600594380607
0.43693001947996 -0.203564910405917 0.0814258987637528 -0.461195480304136
-0.202566520239276 -0.353087568042272 0.435949601544231 0.0626367415440339
-0.180197051252998 -0.21242603267074 0.0192526544575056 0.525701208954961
0.216520342925466 0.0846812442883584 -0.465325392130553 -0.0798181947086454
-0.55202349250467 -0.244744846257734 0.0805583487497015 0.0549864380391805
0.365594116278699 -0.0830143096029134 0.120478299025642 0.471560978620512
0.152065090907516 -0.0195643951732121 0.625046646400139 -0.174005007982751
-0.257721614245862 -0.100810230166502 -0.109770607009865 -0.232738657251382
0.324632209244763 0.0184270540148472 0.0690303887938302 -0.282533334592217
0.260541660624849 -0.0417398184253993 0.0493593369254006 -0.158569424712876
-0.050218967050854 -0.911342712365405 -0.0495462822006397 -0.0809060761886828
-0.0659533829774491 0.234053904893483 -0.39513686466018 -0.747300654373508
-0.140488090865011 0.123579216744646 -0.00390089470261568 -0.153235730347514
-0.0715730404281847 0.372220758177305 0.0165168062565313 -0.217614998739784
0.00961274268720946 -0.132251047605332 0.223824194819046 0.543578059870795
-0.408124299757772 -0.244094227838621 0.214326248060004 -0.755830790495137
-0.263716325816727 -0.306029031850981 0.314887381500543 0.529045717781349
-0.0809937874201156 0.0933975993205058 0.051349149292198 0.0838429962235174
-0.0437327048560532 -0.30001249537447 0.12817909398642 0.24485193994075
-0.685924708023358 -0.402623128352154 -0.804038178481335 -0.580323290573832
0.254428953837669 0.176055745403274 -0.302946663047768 -0.00932850366251958
-0.150158620490458 -0.384823307929179 0.244915628922462 0.198408807630785
-0.0560733081740372 0.301909996629285 -0.221204002651407 -0.260879927934208
-0.257005400014777 0.114315010202965 0.399283314592998 0.450924362611019
-0.151853241233121 0.1614717172128 -0.337056127057596 -0.0654463429443097
-0.228108374294149 -0.171206146411278 -0.164885363017343 0.212030458125339
-0.119690469282489 -0.803568009478595 0.208824848437991 -0.168226280814158
-0.540255636899244 -0.206281644668556 0.295386087696903 -0.176368203107016
0.152427721960627 -0.585502408692767 0.030078125147452 -0.605759007892095
-0.094672699824219 -0.691923690182514 -0.0761495939042015 0.481604789051703
-0.461498518484383 -0.270107079518235 -0.34682922235326 0.138402352405097
-0.0847371769472844 -0.0259940418601395 0.0338177733554992 0.150846764873243
0.0525307814420022 -0.115446312021506 0.360145214201492 -0.0328880831259136
-0.0359830227712581 -0.225240518108299 0.122996153462645 0.111447475506938
-0.0568471339123245 -0.163546687510822 -0.226627226408528 -0.732400599735412
0.119193282270231 -0.29894171601911 -0.0289442833131122 -0.134350016959218
-0.00384941805749706 0.376576753017739 -0.0689291356743736 -0.257780637855477
-0.186774928421849 0.206169576900756 -0.148685154394809 -0.141965344060011
-0.294158497453263 0.134516171572254 0.111339618034506 -0.04431114393445
-0.415821753797802 -0.211554717341431 -0.202520288710856 0.337642457470902
-0.139369035618669 -0.456123740689341 -0.0303204965893697 -0.121702804245252
-0.20119368965314 0.257415359261561 -0.0217586170088061 -0.378178059307716
-0.247746941639093 -0.0332059496555938 -0.235339522658353 -0.586007722994317
-0.0361660093644038 0.0162581854739723 0.588482753118106 -0.395025112436076
0.00687936380072984 0.181449839394779 0.0211139401190865 -0.186489841414269
0.174728157707503 0.410518309743668 -0.23398701492916 0.227181112859186
-0.23551994405333 -0.207731799236912 0.402451760116028 0.527568346012975
-0.357177222606739 0.280373947218309 0.10671456048361 0.258425423892114
-0.201778378360007 0.171008931515344 -0.149871506484476 0.185017617640445
-0.0456104031243755 -0.265072834511448 -0.150031484579213 -0.455846369128414
0.521305029334505 0.257277438759075 -0.0594241374163674 -0.0539315352446509
-0.071892869261448 -0.293876518584337 -0.144830659718747 -0.533809326605567
-0.601939904201946 -0.097960221528648 -0.189928018283949 -0.130043990804795
0.109537894567489 -0.366625233383664 -0.0892980752624811 -0.285549610767874
0.211919079729009 -0.196448188789532 -0.128479242850601 -0.141021130016937
-0.134278098075936 -0.201527296241597 -0.197219409269616 -0.452841648244034
-0.509471611598195 -0.128511239379711 0.107906343844506 0.0356087086664676
-0.261196496359695 -0.00738339287571066 -0.331666833253306 -0.453877804901777
-0.216631542591101 0.356161172785273 -0.0676335481888848 -0.106286945809646
0.367782632714591 0.0683182302256637 -0.014668637119621 0.85866366857529
0.306563711225043 0.0402031062216746 0.0267246123908453 0.106227424166841
-0.407186936974442 -0.0588068851974798 -0.471025785255842 -0.33984234723589
0.119338892938117 -0.169950801595631 0.287659601653241 0.183186522810602
0.0554630277253296 -0.405733367850892 -0.124107181467133 0.163703187368366
0.0355323704012305 -0.0781042513650301 -0.0689687352320837 -0.22609885650732
-0.303557801251703 -0.373513912515441 -0.145371132812385 -0.129977591968386
-0.146474234624311 -0.454307582004168 -0.383440324820893 -0.0229547245316605
-0.406164705841916 -0.367417207654356 -0.368534806975203 0.19709256396103
-0.00965481936724666 0.213937155373625 -0.396460697037795 -0.341567668078232
-0.477427633191895 0.0810035435018241 0.066631406876217 -0.329983163264854
-0.181633018141109 -0.379603619391812 0.453068830774524 0.55047344726884
-0.0344821808464854 -0.165292130116656 -0.229105039574093 -0.277439962046009
-0.169963916547378 -0.28899943883903 0.0345566481604249 -0.146634285586365
0.112533340393157 -0.174198723743926 0.0386737593938646 0.0519832123182171
-0.34324301873308 -0.441494767060711 0.462831034986405 -0.413592293457923
0.0965577515941967 -0.00339854370051584 0.236552863677387 -0.273432036700899
-0.0991335069852135 -0.123801574921678 -0.0500295983841221 0.547258640090528
0.305425835777274 -0.323506083369081 -0.282838489195028 0.0338158087455198
-0.032303193772352 -0.032554848192912 0.0274183669084476 -0.48791692131674
0.201621085536884 0.0529716864416026 -0.680928401676927 0.305799034144732
0.184585341960719 -0.130655725810115 -0.614207491003949 0.134818514965845
-0.0278559630525184 -0.452065959732521 0.119056794649883 0.172478167460931
0.0638506610688676 -0.342442454965039 0.0965299684231193 -0.196426193784771
0.00092888037638561 -0.023758711059828 -0.669087916495589 0.146363680705221
-0.061505404647785 -0.0214861889639835 -0.174482342329099 -0.11839802931299
0.0358711299274324 0.26969739005369 -0.234828326147962 -0.69537664675403
-0.0449788470026661 -0.236623576655708 -0.681365470015397 -0.0176467108368306
-0.068997423907862 0.521236630128262 -0.471174019142508 -0.614498449260777
-0.138327763534711 0.349076033179477 -0.712625569689287 -0.0916557252978827
-0.292976947536158 0.718829632048451 0.397306223872138 -0.40164964073519
-0.398807851990722 -0.178468340937448 0.00162201275183915 0.0945079345505591
-0.607698773665572 -0.399196917985981 -0.0827337217978396 0.14230897504003
-0.414028982677296 -0.422846472754622 -0.642840980991983 -0.429557636908981
-0.247712522338084 0.211785884842756 -0.737822093869407 -0.261863462892413
0.127182344746973 0.581831523470757 -0.180752463793712 0.122989118122647
-0.699469617315331 -0.0195771706887287 0.36433897105035 -0.652784994849043
-0.00412161284491896 -0.34862638352293 0.482018983652195 0.492899324014614
-0.204373367835286 0.254546964027542 -0.48717612401849 0.443621553851321
-0.342047338800259 -0.441522156293395 -0.0263106061911573 -0.311665508631071
-0.00659840552234037 -0.0595974057315065 -0.136245947412674 -0.688650729263264
-0.187936340915024 0.328644718488928 -0.0745048171431649 -0.083892036537042
0.147599102051804 0.116684702029761 -0.102445083292558 0.105214423392444
-0.411278351405194 -0.239948023769556 -0.109177988491098 0.152333277288423
0.00847884454167835 -0.354553802034649 -0.507750173731716 0.0198484522656392
0.140565045445197 0.316950924642522 -0.197512072280989 -0.193496995772962
0.115037360893903 -0.370109224947551 -0.446560720613441 -0.152783718577836
0.0751559925151217 -0.0553975718173827 -0.0371472118239327 0.186673103482582
-0.148700731015466 0.263855438537203 0.0747347507034894 -0.285167591411023
-0.163243842360237 0.141551269071155 -0.144732018235277 0.110432984603016
-0.212899867802339 -0.330830542084292 -0.237232967300577 -0.416544133595862
0.243339602524821 -0.188729098993973 0.133578504527657 -0.112535572935941
0.206405298079286 -0.083460254507005 0.0498103757222315 -0.111621697597645
-0.150347106868982 0.233893874229303 0.030468358416281 -0.224550988167952
0.0142682345326266 -0.271932742343986 0.049930709372346 0.208851184137141
-0.348896493611574 -0.401670810044646 -0.281751099603505 -0.0472441104705038
-0.283233954413898 -0.0308807346172826 0.0341548731460639 -0.0585975108282112
0.088550694968234 -0.180963394206608 -0.0326550171636978 0.273475944011649
-0.828635336178148 -0.0453104418393018 -0.68361609535814 -0.39605303590865
0.310218576393768 0.00636750109313033 -0.221776802841993 -0.328757475118972
0.167638930015748 -0.0312897778258771 0.518272276455007 -0.591637692429086
0.4865618338604 -0.126652678847259 -0.254112203545044 -0.190622276992577
0.011826177519376 -0.584837311561604 -0.592229935766353 -0.205283946472902
-0.480834871912431 0.00519122290623897 -0.531851679716719 0.115318167646114
-0.23203927906432 0.151036355810841 0.211187209566874 -0.324952351381117
0.225602463916325 -0.555013560143507 0.216514518477003 -0.327671161741665
-0.0234772740063072 0.243740226053945 -0.286524976404129 -0.0698375545837169
0.181414637398395 0.0456967964331436 0.200827802285982 -0.318343714873817
-0.264056636870423 -0.0201450166427101 -0.235274145921137 -0.0657833980052607
0.10169232994808 -0.177592913705533 -0.585825631171295 -0.197926394408073
-0.752953058087724 -0.173710219002075 0.0539609619913828 0.0529103557475454
0.51708270165856 0.343016315618948 -0.238060519172489 -0.377769836844844
-0.486050211425416 0.00361933598921316 -0.314868807850112 -0.277004923541934
-0.182841939113495 -0.433161761345942 0.0519398541208471 -0.0664343765100966
0.0776538052591944 0.0452009609913431 -0.585582220310255 0.667676921853734
0.158397973113299 0.16887188818413 -0.205338917305531 -0.158717363444851
-0.259216943665795 -0.0411669760837029 0.458315564291238 -0.0285633030150938
-0.399083240745966 -0.139340318339511 0.29147312369871 0.257984095415313
-0.38713582710943 -0.745792224023697 0.703297686371743 0.350789927169679
0.199988015026149 0.0147703356648707 -0.485135484998968 0.413541388035731
-0.432165972596889 -0.222058436778508 -0.180218741834712 -0.301892192807407
0.0587707412367402 0.124122475967803 0.053198361128159 0.256251481179962
-0.0855125104764864 0.214997351978984 -0.284454343461664 -0.00480362167365855
0.298073721079693 0.274288037628548 -0.34982095485134 -0.640590909604628
0.339236145946672 0.0111416273275946 -0.342055159620917 0.129592558566183
-0.259681483007536 -0.38304037032713 0.0388322450036547 -0.176265484093078
-0.392969152915067 -0.285446765137494 0.445226861538148 -0.260768679228558
-0.618043692758776 0.0405211474641891 0.089893140692163 -0.176965121741243
0.219848196315932 -0.15130527084898 -0.61041175992116 -0.165255758190532
-0.0676341110269598 0.283815051670625 -0.491966175017476 -0.331533438846613
-0.410361906214109 -0.0622228672526508 0.40773412979317 0.366788523392482
0.202732356732561 -0.0863885960738475 -0.146982929063244 0.0790599194321822
0.214047367498107 -0.043318697123657 -0.21246039607964 0.151806093021191
-0.102941640711165 -0.628405154742395 0.126580967544012 0.148018410572642
0.0155042699969132 0.266248457650555 0.00506567840504069 0.605001024179805
-0.0414770989668798 -0.243392331106974 -0.530953404636666 -0.471974349620015
0.49286594253143 -0.12089694193936 -0.244863066875495 0.0663680962403976
-0.215853474392291 -0.31607139080544 -0.0269050561848619 -0.351523714164166
0.117488906273034 -0.136876997999283 -0.214425919200399 0.137105248178403
-0.439112197695664 0.0325132347198331 -0.498959205537531 0.194358615432234
0.554462331313049 0.620846256316107 0.00368006936095688 0.452287141609729
-0.148652965176576 -0.291731099515721 -0.364818415110307 -0.314372079436653
-0.30191216143848 -0.0412321173633035 -0.0746639682771822 -0.407016222782808
-0.0588521990489249 -0.0524068409093839 0.462877279581286 0.257166190433202
-0.00346809821871263 0.281246777456196 -0.138468055193083 -0.0594967029455914
-0.595684301591578 0.329455344180169 -0.227019008075379 -0.233003663879662
-0.41842002225927 0.260548783791537 0.208958073918931 0.426194734960174
-0.138700700243386 -0.112242289617279 0.0948283026211245 -0.0639466613110742
-0.439927472746552 -0.103635235590475 0.0945479184340541 -0.158073710166897
-0.00371361029923012 -0.679673252851218 -0.199042124965472 -0.58353666426396
0.0944071126302557 0.203196926957175 -0.19414201574916 -0.185270212568415
-0.183706688730306 -0.0981006803385381 -0.479268143836204 -0.430208293976827
0.130739835090314 -0.0777157228774487 -0.408454335241613 -0.724189707066204
0.0462500363468723 -0.290781388875769 -0.20054516209183 -0.082121101946838
-0.239612408643024 -0.148001737465036 0.408342855558549 0.216286078736407
-0.513520711389902 -0.397952587263416 0.099746598775198 0.116905975116309
-0.300844658206114 -0.235743892996756 -0.0327013859529495 -0.784313164662375
0.436716750557567 -0.207096940358417 -0.155747690821669 0.456391603818086
-0.181389146461198 -0.279977746342564 0.0601064538567413 -0.124627607955063
-0.513581505431295 -0.11548001297669 -0.59418373582376 -0.677778286398121
-0.830997428930549 0.567710708455911 0.350314304885738 0.151788967094597
0.0488170857939745 0.108935807215158 -0.583030239540903 0.00639986416441274
-0.352195105758803 0.214192678164849 0.0725511054442076 -0.0983446092270147
0.00328503197611663 -0.112932877628464 -0.656202848207681 -0.111476515277441
-0.28523517341495 0.287590977642371 -0.561991640016706 0.254598491497476
-0.00753613101583717 -0.275374354070069 0.404536265393287 -0.369928379738498
0.073134747938808 -0.178866234229007 0.164901860949872 0.131582372596643
0.11224207177722 0.0647954273572384 -0.0261440213982607 0.369458833367824
0.260414537576576 -0.593040445981732 0.318400481362529 -0.366038443060865
-0.550236640865165 -0.566931653574617 0.0287227840869997 0.0782449780986045
-0.422125459728365 -0.179522547201956 -0.0308646817464509 0.326553462874139
-0.0703684114336689 -0.151423386474862 0.501825549826323 -0.176349880678384
-0.371870929633163 -0.0282163683996119 -0.340058342561581 -0.0985623855669381
-0.245197448620628 0.301353091093945 -0.367138580338244 -0.0641470406391733
0.00263682554715827 -0.164506612941776 -0.101337284011923 0.0796548493152871
-0.448137641149809 0.497734645914729 -0.157031132448194 -0.214381185443205
0.321559498182526 -0.366130081022901 -0.408266237430394 0.0893553343878024
-0.211274098667983 -0.371332837430657 -0.0248032769428973 -0.0292330659059458
0.424992709513457 -0.228958410665908 -0.32937361579487 0.111772683399543
0.0757248026631465 -0.0569255420079777 0.634202342608009 -0.306722257612271
0.29826822185992 -0.550897929229024 -0.135226228729554 0.437249010972649
0.222409953927619 -0.313183521127732 -0.59718470204848 0.370933310245476
-0.285436299809184 0.00949117409956846 -0.374048002615894 -0.389095640404711
-0.163092253152003 0.144951949732606 -0.296283617940175 0.234236133585645
-0.200802695587168 -0.0837926916315076 0.431560968459162 0.277686884730978
0.11454303821909 0.193433896178351 -0.444048286998625 -0.286053958332919
0.367689908375117 -0.0871523460374374 0.0809740048895149 0.574079718522205
0.0550199723419109 -0.105969878662838 -0.485016245474158 -0.274290064049156
0.153673664436579 -0.522005629266937 0.0809974620398244 0.226855819992052
0.0714204804779726 -0.349585157870194 -0.0722464609428325 0.141777618486327
-0.0802768602061721 -0.120913867779123 -0.754907107781557 -0.0566911463829918
-0.0322966020397935 -0.621292985456509 -0.108152249621228 -0.239027624080464
0.164399225282705 -0.0815148919071162 -0.300666194660793 0.364461118114563
-0.245232150962376 0.429880543629959 -0.190305364388662 -0.161417133422776
-0.353148222713562 0.639912363699921 -0.35673684866238 -0.0902031888299387
-0.0624647415841338 0.41780171784358 0.086411277542739 0.335062742884019
-0.0846561689566723 -0.145472902495144 -0.175109300798445 0.0528382275906987
0.600476778987921 0.147272699448976 -0.164470126415626 -0.296507032011966
-0.658690634049099 -0.658738147504368 0.448601777258989 -0.0824748621553343
-0.557749329107448 -0.380740375486848 -0.0697907304487573 -0.254342451434979
-0.684441847046217 -0.351700223413483 0.132817849067524 -0.657743909845524
0.131397745134586 -0.00127455192168757 0.0405207925849815 -0.132362923745464
-0.0057202314525947 0.0634176967701394 -0.0350388468900804 -0.203708794548874
-0.0267950776178416 0.250529476630502 0.146256227593424 -0.0553677996896581
0.0223731415457951 0.780554197674158 0.0959934599043979 -0.311625510066859
-0.321231170900087 -0.317465259950998 -0.264204035884275 -0.0900003676026847
-0.534925426663005 -0.0564414455525729 -0.345186311396653 -0.229059618965625
0.0482939195896182 0.00929018300247852 -0.469774453131235 -0.0294336196298522
-0.669739172804929 0.0710443538786016 -0.0108607154124504 -0.00421996799724267
-0.108238591206818 -0.668483729064895 -0.443672458706934 0.313667626114989
-0.0651666384011435 -0.0176285243613493 -0.160135912498202 0.036182911031265
0.222241355222402 0.132114366098143 -0.0843752152715957 0.136884980198961
0.0643260291905738 -0.180405386764747 -0.095009921473288 -0.357293964653986
-0.315487590172851 0.0869084470032049 0.159805049054035 0.609533210838132
-0.165611019773952 -0.194021115738248 -0.706362788963572 -0.339709153821281
-0.110391022553489 0.18866234718507 -0.343656437225799 0.268226389592098
-0.0763000347478152 -0.200610110703569 -0.357556991166606 -0.225060507184402
0.0256995125686825 -0.42955292148332 0.458145361019301 -0.127472128373469
-0.0585743399895441 -0.220841807522127 -0.531021636524642 0.0195043066566407
0.250488792328511 -0.0455274401411149 -0.288931626514066 -0.28503095592356
-0.212583225775376 -0.285453825481982 0.235824718964894 -0.046671429005792
0.0101624835959524 -0.926718197030753 0.335913792434257 -0.536756126384887
-0.14105291424946 -0.537322404852953 0.224134291941418 0.0287731490156755
-0.251854227721695 0.242425832912489 -0.478984512194206 -0.0749654467509406
0.262162007373006 -0.280107278005623 -0.221192420297873 -0.68469710353649
-0.21472265590668 -0.00491649938583605 -0.337469942993694 -0.269943872899605
-0.374313190372201 0.178956086970029 -0.428898754706343 -0.306702468263509
0.14488023481991 -0.188326854078411 -0.277783674349755 0.0226940418547932
-0.248323323654715 0.0673641648225138 0.108950693241388 0.0150723509950521
-0.100151136497823 -0.228944521112259 0.219793287776952 -0.406070843535144
0.143439335772603 0.350849602138094 -0.213680676561253 0.0679708088630893
-0.400477878122425 -0.095328085259009 -0.289746783736635 -0.397012962756535
-0.189542045974162 0.462437812040265 -0.347560119369938 0.0504807243418894
0.0572404309943093 -0.0770457661870242 -0.323781589881389 -0.475114423460351
-0.394015936782092 0.496473615124765 0.0054342688637623 -0.536168044938302
0.21045714260877 0.386553620966752 -0.0117348971391451 -0.0540105597454562
-0.284671676786695 -0.16029820443264 -0.0448257952055743 0.0428272544730099
-0.112687457158614 0.534513107114678 -0.121907761855879 -0.327722550462134
0.00781428822470298 -0.504422756930987 -0.087667515408256 -0.238203433461554
0.359163716847787 -0.447206454487083 0.0458933368746242 0.413855965706122
-0.324288817581676 0.227577307270357 -0.195569031957337 -0.270026093229334
-0.606998406686547 -0.0192802751819529 0.303545219170314 -0.104477733702312
0.00412928264091117 -0.487334039542004 -0.797896907900804 0.391254843432844
-0.06634904530907 0.295857774612412 0.361964477797082 0.393574828746222
-0.113713075799347 -0.0839806806235781 0.0708247108579878 0.375421387126633
-0.0733190481077487 -0.0718483000558381 -0.195095249113325 -0.0116825337705672
-0.524431833647723 0.4059632670371 -0.308982933994815 0.0338124053414799
0.0495200790135866 -0.161960981697954 -0.290663212921644 0.0345404493582511
0.157744366090969 -0.0877284655589867 0.185507420161436 0.43264980351157
-0.346306452235043 0.253862726336248 -0.208050025248262 -0.278543102711593
-0.242268023243634 -0.0267568509174149 0.528829372666119 -0.212127861568607
-0.384966471432725 0.220215507016514 0.408714308059687 0.0417919571961278
0.0756664913631899 0.00825913422581048 -0.0608009624163632 -0.0166544864494278
0.0632368750971695 -0.144267009854158 -0.493143508868149 0.390897505603924
0.140984400227232 0.0743547466414756 0.131041721455311 -0.0106266483564093
-0.166625648452617 0.276928343429734 0.183543665450672 -0.152716093553927
0.205106163816753 -0.231295932167102 -0.165404859182305 -0.380657550125975
-0.441873507493147 -0.399302034755844 -0.218224904957567 -0.0964763014429343
-0.795258096723985 -0.253758190850212 -0.218730161613481 0.147502685759223
-0.224455753188486 -0.228612731483347 -0.427060374746739 0.431684964670583
0.106465150427537 0.212780858399259 -0.634834814966378 -0.211559694523225
-0.340134301632415 -0.504231893871026 0.0175989289905869 0.460185320991005
0.657900084431 -0.0561401458620434 -0.194390086266616 -0.105108924989169
-0.378869753421861 -0.235878936766335 -0.0906890881781443 -0.418595665059167
-0.340060924638477 0.0398277590101674 -0.335023858756315 -0.306989198824439
-0.393990604835247 0.0214047145748799 0.69742688234188 0.17798286988555
0.157181926631915 -0.015310924289075 0.215662982847327 -0.0921373637496447
-0.106667677419903 -0.0623439534164009 0.123190624332851 -0.0745376729905397
0.0232956550772103 -0.0727232577996429 -0.277381317317997 -0.360614460165696
0.0437787793297828 0.542286294927132 -0.370706736426905 -0.228170018573674
0.00446057472986139 0.192649093256975 0.311332864753248 0.156796171529001
-0.331870671761083 -0.52078648923497 0.0877623939153203 -0.0464719570228926
0.0667340498064717 -0.205154145817376 -0.508256807808478 -0.31017602135112
-0.299253632057431 0.0963842587951893 0.0873491255090419 -0.0767800318977523
-0.0936762073312566 0.103178862870152 0.24949496466924 0.122094602361041
-0.398806448913622 0.397371679680225 -0.0215339499520757 -0.0708695220523321
0.258903531886214 0.054893148418697 0.122650232643088 0.115455056149179
0.0871010359522444 0.242062855684954 -0.44766665746055 -0.0989291704817243
-0.289652436357913 0.0939030580915572 -0.0768207780624265 0.266087787759317
-0.162678004559216 -0.162266448011341 0.264725129074987 -0.207820263232512
-0.10125285267684 0.234030517936317 -0.178433356493083 -0.0913996316154618
0.0421677190718925 -0.404066050752321 -0.724192852206 0.0645597356079823
-0.302230654300113 -0.279229595700831 0.687239823641598 -0.287164837006775
0.0581242418318051 0.0700152178505822 0.0304517737708527 -0.249710247565923
-0.286050970814997 0.0169818612023327 0.458431480779483 -0.041305862489348
-0.161304961244877 0.0231082864153245 -0.104749945069314 0.623796874500337
0.629704341098629 -0.488277130729403 0.388347546232378 -0.389632672227404
-0.143034823101808 0.157457991084012 -0.00909761147333554 0.517424875496511
-0.516620633673077 -0.131007249053301 0.195036412082898 -0.194111903550553
-0.30107523990974 -0.370589153158616 0.0708299328618756 0.468630226850517
0.161835809273162 -0.217257562266689 0.182083122498371 -0.301196402386769
-0.0817550456382322 -0.0673606141742288 -0.459381895462187 -0.151824971200257
-0.315157420604901 -0.154280798189707 -0.240081693329545 0.374344157224886
-0.0374063772186983 -0.066347879472113 -0.365413105584752 0.0464744883363306
-0.630294227795027 0.165289924630236 -0.217683735126139 -0.482680620078299
0.622351229714405 -0.59494412870883 0.0569232627983489 -0.289099180428711
-0.0458369242558634 -0.228623100940454 0.0179123427378329 -0.255070926733835
-0.0940271495695858 0.032349635161923 0.1990670323965 -0.425716343096218
0.115431134225786 0.038600510734919 -0.621800631944244 -0.294406023514445
-0.290550583354697 0.0259248248474913 -0.442214911646009 -0.207833773006274
-0.386724129177916 -0.0788378185629651 -0.15083872095757 -0.119130928017267
-0.334837653811243 -0.0840782224634206 0.440248542215287 0.146419494606992
-0.0257631549768982 -0.604513898742087 0.466495050455865 -0.207504321893813
0.155065973550565 0.275458807921043 -0.239956799574869 -0.758855390146048
0.106989298636658 -0.171476050113069 -0.504070287184876 -0.130990200718015
-0.271812519271087 -0.0607280053550692 0.0929317676429515 -0.389263784744919
0.357249242121312 0.138979376574152 -0.301105720251622 -0.346145832656913
0.543095885008315 -0.0783394410587409 0.0964770687822909 -0.271837239996355
-0.311962495843238 -0.896857634623552 -0.085814098635372 0.0321969413341394
-0.334001475205319 0.365743944366638 -0.590744742252587 -0.0565414058171494
0.392045575989517 -0.133226142033798 0.00817484582208139 0.383285088652027
0.222581950821636 0.189157485480924 0.130082850646394 -0.213057852012358
-0.00498954326858325 -0.0700133002882128 -0.165462330739689 0.111314113032752
-0.132770114648101 0.361822139539834 0.145001326608516 -0.142071726635138
-0.411265832324672 -0.669751492585078 0.361313047422484 0.18771606730548
-0.165087702702515 -0.939684911294034 -0.227140139611397 -0.622718064624595
-0.0042391711256502 -0.247798588621422 0.141251919116389 -0.0109840118248272
0.17106010944066 -0.376928925680805 -0.340448802993248 0.00893100086464527
-0.0418929095142903 0.395235881764947 -0.312718990364769 0.0818094781853258
-0.461572173084544 -0.0847346829149841 -0.0629875006841691 0.30289101376878
0.10482136374065 -0.104361070431917 0.302408559154702 0.00873432943514807
0.254801203535267 0.11939039002691 -0.731785608331316 -0.0688404357292266
-0.197890837824053 -0.377207532680565 0.22178094436976 0.259465118251193
-0.0328875761034405 0.104184359309843 0.225914490768251 0.156871709399684
-0.14209420877038 0.304134038941997 0.497322740876536 0.0550312864278464
-0.174823726521031 -0.289356206456751 -0.194221108235072 -0.302411616015867
-0.497677955782652 -0.285889555983946 -0.297686541815923 0.453183487787406
-0.168714295937357 -0.655466533289644 0.04866780928883 -0.194072710255499
-0.147697930840357 0.209625429070134 0.0561407350034118 -0.0133227655076367
0.277089017577254 -0.045675967590023 -0.0729791167477525 0.184516177333107
0.0169557665562028 0.0634297162608055 0.149689613715084 -0.266171995185231
-0.550417295966288 -0.698066932657408 -0.603780072411992 -0.135358768847243
-0.0517092157044139 0.247145860258833 -0.321584828506556 -0.233037470732633
-0.131350197223086 -0.535369158782389 -0.0320270056210186 -0.00423788860009289
-0.120119960967168 -0.201182916245078 0.140863089974521 0.161848718058161
-0.564795854692632 0.08731281817504 -0.436372590020809 0.169408477376104
-0.0194501682401423 -0.045044020732542 -0.437375111056953 0.0897068124055607
0.0461406643301034 -0.461161354749043 0.128199256935656 -0.871340865889367
-0.496897025749535 0.358780247013673 -0.310605635620704 -0.381431861028729
-0.0785898904259138 0.0642379675822393 -0.0590353838461297 0.134200322301818
-0.138636820717285 0.200430884575186 0.635324374582108 0.37356446165307
-0.0512787004014597 0.269086997852999 -0.259432099308804 -1
0.130202274080867 -0.324097252030627 0.160722402378444 -0.0200538275648871
-0.211692469028029 -0.142294810920057 -0.573372966612469 -0.182451552632592
-0.0834399673547853 0.218039601930075 -0.00559833957904055 -0.326770860323303
-0.10611216402005 0.400845530018376 -0.315254817072796 -0.405967694862075
-0.0558907214558042 -0.820069446715446 -0.695739220279971 -0.0731635621185455
0.269644401628232 0.0965485954209215 -0.195997480757822 0.266919910968483
-0.283756030259735 0.0893555564785071 0.200731756338089 -0.658618667353209
-0.0632570663658791 -0.425540514813379 0.486623040609208 -0.205401456996349
-0.353709374819841 -0.00324129822889196 -0.103373827039395 -0.472243685116377
0.210774502134954 -0.516521920817454 0.0530392864203832 0.0581411718175215
0.217417632556178 -0.38589539844203 -0.275288354450724 0.352016058600037
-0.79337407368003 -0.225076741608429 -0.343945568494541 -0.360727275211559
0.155554174366091 0.11454672061432 -0.189965816701912 -0.0871806929504574
0.0097753628087589 0.312459355545054 0.0582405041294742 0.0761531472100208
0.0145147419484764 -0.368352626985479 0.0174338841700192 0.114622622421178
-0.321997088448972 -0.611808702268729 -0.20324985692046 -0.186183380040071
-0.0119176602849886 -0.459612752205552 -0.0932081440441599 -0.242213097758989
-0.407060941367637 0.0618880310171883 -0.333910337934629 0.247750646998034
-0.169954585615144 -0.13970797333443 -0.10858352310725 -0.160429432029243
-0.285516188014268 0.238037213703298 -0.867056115019654 0.0662056493800984
-0.336701632380423 0.0674253512070406 -0.945014850454133 0.274085312889635
0.132953491222078 0.378115883665802 0.110180313871076 -0.317360849044808
0.0129707954858205 -0.242946382184234 -0.318262918634815 -0.206185736913504
0.0550934621711485 -0.250867218513329 -0.132522845351036 -0.24149808015178
-0.325353026356763 0.536974055521237 0.0969062344041027 -0.257001068378503
-0.602346490368245 -0.162068831643926 -0.283617009979032 -0.285008745868923
-0.0125787257052224 -0.20790294518912 0.181677825258094 -0.121181104570154
-0.221501143803462 -0.100657674491129 -0.611990150068813 0.0151012018462613
-0.112230047674912 -0.395566913575169 0.00676867908560808 -0.638852538646616
0.0272251325630952 0.00346650005401417 0.0218297979932094 -0.220193907536492
-0.21904697360921 -0.418361713377581 -0.143994389620645 -0.305309660732336
-0.34611561373481 -0.0944426155422806 -0.369214751912787 0.16325358592004
-0.130630622218509 -0.132422355207625 -0.260720838020889 0.313489347461815
-0.0244819419499586 -0.314264363876447 -0.0111826084050906 -0.0434075473585248
-0.189945235840546 -0.207285720211517 -0.136269060811386 -0.174061264127625
-0.103129632207415 -0.0774098833094936 -0.167545384461441 0.117704427774292
-0.0988328994555896 0.299554025223904 -0.184873025380309 -0.237834720872628
0.36523320426646 0.152447126308349 -0.667161076321788 0.0929095892599332
-0.0415050960381638 -0.397828750405083 -0.350787214017016 0.0134581265390183
-0.114982237076384 -0.171004602355905 -0.259390631060106 0.168032951662733
-0.0276884173980203 -0.251735759589736 0.24255374623552 0.601365531520994
-0.212650969142363 0.13450983986495 0.0738086343982509 0.235732032690052
-0.23124359590667 -0.236221386325557 0.238573236162299 -0.150923306313038
-0.416273413183737 -0.32072315394725 0.20062447573833 -0.448095889118622
-0.367944604837284 -0.0108123394293412 -0.175729691004359 -0.18622696077357
-0.209065191830059 -0.0994102962911396 -0.0289465647342725 0.337639841096816
0.325542834516648 -0.645198726234967 -0.273693734479802 0.197226595209486
-0.0723818796853207 -0.522739370661334 0.00468026047906323 0.289110118586936
-0.796424359888618 -0.415185462578747 -0.28071834402305 -0.127391289609788
-0.402922592410222 -0.663508729912868 -0.0815141620112932 -0.468049689703541
-0.152485777051557 -0.165609831865389 -0.19111766517976 0.0802357893053409
0.163257403215436 -0.467918896893004 -0.710325268097447 -0.366706710189579
0.310635097160845 -0.447473889177977 -0.0826787819005504 0.114828149622514
0.0156413662193815 -0.0447621230593689 -0.629279086139644 -0.323094974241865
-0.0389046450049718 -0.102166793865767 -0.230119525556426 -0.436839566250164
0.17932195400245 -0.510128530956024 -0.123993224855584 0.3759009406862
0.116489770462057 -0.0522310213172533 0.523327950119155 0.0427982306494163
-0.181415982870846 0.268886829566982 -0.231604104536905 0.521118832225327
-0.542650679532345 -0.11874807371417 0.298722748162362 -0.360570131161959
-0.399196139574397 -0.0346282722987157 0.00958017447716908 0.412316522316207
-0.192740638948789 -0.0558936567574442 -0.419005864623138 0.112514896635877
0.190443922275763 0.311206995783932 -0.17794703214636 -0.946485973927425
0.585046624681733 -0.304525114246579 0.118681584196987 -0.085278382128548
-0.114777936153662 -0.0968603795712765 -0.243871980345331 0.00829678273308843
-0.285708014025894 0.0557484957618761 -0.178257200959035 0.149356866043465
-0.526916008043945 -0.515969199890564 0.349628001309435 0.203810658330345
-0.607085284067092 0.086653434581456 -0.133075378400503 0.0749267895780616
0.0336798315172884 -0.252697205887819 -0.327116325160658 -0.23811191841279
0.586703653083714 -0.262174985701995 -0.0352583598019403 -0.205651641520656
0.200912121359231 0.262061746965855 -0.115426386222101 0.245576119386484
0.110729584023063 -0.408131257692609 -0.230531975166785 -0.128264149134205
-0.209725564624164 -0.00164483802602056 -0.603717103427795 -0.225994422068229
-0.511680885107545 -0.357420767545467 0.170361566358866 -0.521050636258575
-0.498355728982723 0.122561461584109 0.355487108295312 -0.487125849804207
-0.155698600838098 0.266190200594276 -0.10345917660873 -0.145015103580891
0.170786753420976 0.0389298090528629 0.0474404478421715 0.0908856002032168
-0.178006313895499 0.372806344967926 0.225291621719276 -0.0495990592013219
0.032034809462832 0.0542413844153198 0.337129944918044 0.0362940180673506
-0.121243988260135 0.028972503760313 0.0347217678050897 0.0230431018026471
-0.445460409823606 0.396100954411871 -0.0693783408160284 -0.186764437980919
-0.474503404520703 -0.26101802880774 0.307320799372765 -0.36560295706192
-0.116423128346339 -0.0781447287401459 -0.133512707904146 -0.193472175169785
-0.112344107279574 0.324768786464161 0.213618867259922 -0.282677134823392
-0.218060816517508 -0.0705943905619156 0.0170555730427131 -0.106274163926012
-0.329323352634106 0.124984627951212 0.114948813064446 0.475111280855609
-0.266965395644144 -0.268500968950983 0.0165014941459809 0.185101790447498
0.12926632779114 -0.0774551438872685 -0.156264896793764 0.387005531412099
-0.29266463096591 -0.549608251771899 -0.137657819906668 -0.18209856996613
0.271384192370386 0.21619086886466 -0.233251489525613 -0.156657704878508
0.235096147069822 -0.0105292315132174 -0.552823714608193 0.0312688565422063
-0.172271144551738 -0.222883114284844 -0.151802373619977 -0.100108492322006
-0.223326228344045 -0.364332876279968 0.21115795943266 0.309089688181634
-0.170598710030589 -0.748890358536177 0.189790405947648 -0.304673513457225
-0.414947983727159 0.506737065983582 -0.19381988143177 0.02510613741038
0.245080743315762 0.22278652441937 0.0692901990089942 0.270568031832731
-0.275555815168052 0.0795929397196138 -0.237940367141796 -0.241245099671453
-0.584399488020332 -0.274267415564455 0.13567246073038 -0.615776127486299
0.323314666411759 -0.280927507910971 0.0290133390663694 -0.276833926945958
-0.0203600266183769 -0.152828395399473 0.158818527921663 0.0441475051546198
0.0932034861854276 0.172544490847152 -0.379938077003763 -0.43585402053654
0.297915934161307 0.054205817615163 -0.277505449667796 -0.269120020614313
0.311779731291903 -0.179901266293173 -0.229407905221589 0.202704178963465
-0.291877499215113 -0.339806525861605 -0.339783442200045 -0.304383216004404
-0.513201085790564 -0.373036201490877 -0.770109672633291 -0.0286946178538936
-0.208578587162407 0.0164589288695596 -0.357657608162603 -0.497349447802121
-0.208290172876329 -0.06315744032504 -0.267457687023998 -0.214434687343406
-0.0532777322295659 0.446999713313957 0.434514689391171 -0.558912909827319
-0.292093627767321 0.24338657386144 0.352656546774643 0.248629129905781
-0.0845196894799568 -0.297995398849815 0.0663190026577536 0.662314796168504
0.13370045600682 0.510037893978604 -0.198305145837965 0.00177977687436526
-0.0905904712430343 -0.353575122113047 0.0498574883546656 -0.356270250252736
0.250947667007768 -0.293757417000501 0.190744323079937 -0.196617934714285
-0.0654358131287488 0.308565682304953 0.0405138529494722 0.212574913521202
-0.132205550191015 -0.28005907244167 0.44719536046645 -0.347057650505368
-0.232275511559716 -0.316912052246199 -0.0644016112829481 0.24550589547876
0.0596349910242482 0.0649693746317561 -0.0475272829493424 -0.258965262679764
0.794649005596191 0.0247661262255805 0.338664675726323 -0.226887503837235
-0.103370806345659 0.0462579926299402 -0.0623195468246752 -0.179778511955141
-0.532644665286765 -0.443095453672449 0.294563645029038 0.507549245749784
0.154296962114337 0.0392141757358382 0.0970270035833856 -0.0218225006344511
-0.261960335510739 -0.169859863983875 0.1365047489198 -0.671738959616185
0.175329841503896 -0.521695743205373 -0.21579005508542 -0.0658193723796946
0.317980770779338 0.0188847401197374 0.21442100910965 -0.450751524391855
-0.492823752442742 0.11847263314634 0.100578265817073 0.121193704516479
-0.107504496482754 0.0407366656210981 -0.0021965023435575 0.293515825847462
0.0110206440240539 -0.227129702260577 0.0416456853959746 -0.0764016467890046
0.134532671470358 -0.037540271906891 0.239111590586174 -0.149237133073455
-0.0356572556134126 -0.184807879877538 -0.504630528536074 0.4129594162471
0.0405627540200197 -0.501722402330152 -0.319380489683686 -0.0821374337731976
-0.747613076922271 -0.109508214774149 -0.535498987054979 -0.119932985529424
-0.0992789001077216 -0.134379851477497 0.119485260620913 0.207354244917068
0.0684885026116731 -0.589038699444478 -0.471331007790515 0.113425357599606
0.172631373530333 -0.0158712780099362 -0.315869719843489 -0.0879329800631545
-0.305131601114673 -0.0144947294046655 -0.333564518806929 -0.22826593327661
-0.244201173443878 -0.317155747350782 -0.192846740550794 -0.0966924650557407
0.0266902134959284 -0.0307071434315981 -0.505996050873234 -0.10021723007486
0.13160255397034 0.217621347755346 -0.181439784316945 -0.0201848375323582
0.0708645600443136 0.111353593100607 0.270332610377567 -0.217507320555589
0.0423889345368911 0.277454232786597 -0.0332922048980197 -0.423902229420068
-0.208863828625917 -0.345698106569663 -0.353177609019299 0.445161227932803
0.027762974713454 0.0741874812986418 -0.416324993883392 0.0131022674014885
0.200987376957481 -0.285302039479349 0.0463481499895089 -0.0043132097653743
0.143050934767875 0.0422149779915451 -0.243376116698651 -0.204225002504794
-0.353552945134729 -0.304909488377815 0.0693675529840745 -0.549087166599963
-0.209441258575364 0.121879934490716 0.0322061719452866 -0.404440551586458
-0.0471700951717853 -0.366319712736909 0.121917534292512 -0.158105170398036
-0.56613122108496 -0.300169480755491 0.235290192037373 -0.134193568722147
0.115944263970206 0.0362325946343049 -0.283263173961078 -0.0657029080518925
-0.308069459922824 -0.141917240992241 -0.422757456931033 -0.380592664808106
-0.515232493152144 -0.0639664223321527 -0.435266352176876 0.163633983972078
-0.040551758328141 -0.372901574558438 0.116197571095128 -0.0146953543810984
-0.152652196033807 0.200048567164584 0.316517111842985 0.46656221666398
-0.433336621748738 -0.0463251459852552 -0.0967033890128134 0.169142321258234
0.31847311357764 0.0221127646898196 0.243348808138372 0.221061698881985
-0.216551364939949 -0.0366026226931957 0.349962752590135 -0.0879282639546503
-0.0542203415620613 -0.339309532163911 -0.1967079282936 -0.0640634575167346
-0.772326093646677 -0.0408366982312057 -0.193026461490145 -0.579834091524959
0.236899837151882 -0.097413840415207 -0.396349855993596 0.192328326029852
-0.193558137760903 -0.314051043292445 0.100044263574632 -0.139918099878365
0.0503274595353513 -0.0925863513296267 0.240398953963461 0.219155557861458
0.382868182226598 -0.415384774748388 -0.360602453699623 -0.0641397063761372
-0.061910336275109 -0.0482808036348459 -0.0157311870749273 -0.114513112639563
0.255141613599515 0.0974623436899982 -0.104368256886742 -0.337202169587708
0.184607095185669 -0.523460659692759 0.210972645181402 -0.158528088569347
0.0889290536046781 -0.0073434525427799 0.0479411402660976 0.187847765236945
-0.518950191998847 -0.296591278047768 0.331461837559764 -0.486216162875568
-0.15865804698517 0.225375393660662 -0.42114623295433 -0.249013412344638
-0.507743322512188 -0.32808192322023 -0.0411490236687356 -0.0644103917701537
-0.160016991184302 -0.0466594943886096 -0.2001482111422 -0.651456123492115
0.489594176963683 0.0780886580084097 -0.0980248232739304 0.124322748570018
0.440732902125096 -0.243784378793048 0.0716849873016039 -0.318254437964864
-0.130164434330744 -0.0196015691754567 -0.0772045839930953 0.0973040017135223
-0.0401941119995275 -0.0236961212999978 -0.0884857181357912 -0.310123793320724
-0.350971740844541 -0.308250837803962 0.0781136282947881 -0.0755108120893918
0.145995587122504 -0.430004065676911 -0.26674556667352 -0.55407129786481
-0.146364581243894 0.00642578168814412 0.507357252588746 0.332758765455627
-0.615599743363152 0.24163930349828 0.241103410692536 -0.282830048787967
-0.0251112366858571 -0.134724022506465 -0.100480111020782 0.232026952192355
-0.200050000760943 0.0711599748882594 0.0868447062819793 -0.0444345046734661
0.18230540894765 0.243948051670108 -0.106047017308911 -0.508124026932661
-0.500919556652678 -0.0675989993066748 -0.279049056921703 -0.109123690266265
-0.229049826896275 -0.0525485575914544 -0.104673304277728 -0.0841453402742839
-0.578184868405919 0.102858933597941 -0.263710789265926 0.0479521173522854
0.278689169843479 0.00625861634458835 0.205871782157593 -0.514800509913608
-0.167165520099382 -0.38646517755036 -0.0424191129398249 -0.16409274961356
0.107824808515595 -0.319529480027475 -0.224864340712633 0.367467287041567
-0.67700162780224 0.354623884896436 -0.0223250261013667 -0.273812364403705
0.122195698195072 0.45221497188217 0.203492320652056 0.0318358500452884
0.148424115809073 -0.102504748937458 -0.699511973458064 -0.0455890280187524
-0.0140736359798583 -0.704853064006452 0.0385971675844248 -0.287308473775139
-0.259961967149389 -0.141952687444065 -0.368637110613234 0.308671994426998
0.214300651978905 -0.120722707610147 -0.495109150076761 0.193671079160713
-0.0151244797770066 -0.766743150129415 0.109643296611352 -0.0773127148590239
0.239294784032198 0.0339017899443526 -0.176762991269339 -0.391086895792356
0.439605405053072 -0.206127203143896 0.46279635930464 -0.524931349414526
-0.716315046734893 0.0586330981141181 -0.477218526260708 0.641361345074811
0.630683644702977 0.0851156915200197 -0.0415878351867196 -0.3448724639177
-0.0301970912206182 0.0918102228910227 0.127700301869669 -0.627982536084114
-0.30701184546801 0.0472365174935139 -0.579318479445632 0.130104498354448
-0.244908476759084 0.35645859781702 -0.385082659885657 0.331978415071372
-0.0185703483600477 0.195268557225734 -0.249616609998495 -0.097971160746167
0.213825890647426 0.177071169367404 -0.432106280493662 0.00429599235571354
0.0937670903644039 -0.447350488444031 -0.258840367036128 -0.482218007590803
-0.00382299203707981 0.0443183554527418 0.31854745997931 0.19559459663686
0.184483649231861 -0.276579701153195 -0.274967329175096 -0.26232291586028
-0.560196335575758 0.024902025310938 0.128125652299074 0.176289143147142
-0.436208343159802 -0.111151520476504 -0.624536449284982 -0.180684463593164
-0.181327433731021 -0.241728774928847 -0.0835846638185059 0.141830173171857
0.13314730974062 0.198561506025463 -0.674326726288007 -0.311252500781972
-0.5311678025193 -0.175147661920621 -0.0645166709269092 0.362402821627609
-0.421142131850251 0.049114818485823 -0.309915554689432 0.71271767079978
-0.113617968665281 -0.0415231016324018 0.0950303069661866 0.237590404277295
0.105161896432671 -0.331552295570434 -0.0916328413778068 -0.296081551092547
-0.451053866510448 -0.16222719691974 -0.0974989581122865 -0.235013701813459
0.219867094530938 -0.299637772242828 -0.145132243487077 -0.131939565541614
-0.398272777317098 -0.291171563923084 -0.186209033233812 -0.252162476552581
-0.344820419553074 -0.490560161505308 -0.157751245948726 -0.186006018557055
-0.0623511489398736 -0.303662804550594 -0.305832796943289 0.0471542870200155
-0.360884711401199 0.0795626273058472 0.903071457212359 -0.395840837883935
-0.248827286600068 -0.543346887166114 -0.4438640651912 0.0408141654489607
-0.0112728880784513 -0.244236059572266 -0.0237029232580189 0.254996305646747
-0.409845365330032 -0.147475029233151 0.350913207806234 -0.315723629058243
0.785981624617321 -0.773641959931057 -0.331463655624265 -0.153005815942508
-0.477303669977662 -0.0729313712988253 -0.0730625309821678 1
-0.248968914976776 0.245305925033875 -0.347238954708677 -0.0165222463978139
0.203384170438308 -0.127288229778775 -0.320588872692547 -0.516692100914854
-0.0119272654964713 0.109805647738453 -0.117050242457121 0.250501461236287
-0.332894987205595 -0.118926460784837 0.574665019560006 -0.0862264152353724
0.0635475723667094 -0.0509682972490779 -0.258581124119043 -0.498324250448359
0.0786041130829342 -0.0985359611047837 0.361539324349389 -0.570372573711774
-0.165030190364885 -0.0156472355403605 -0.109114958844781 -0.0305166550824831
-0.378519118986872 -0.458541240557878 0.10091042631347 0.0113912147032935
0.223455819921827 0.0496925983242971 -0.0609901190344123 -0.273158486826634
-0.343760320733718 -0.117723619759163 -0.249746438698642 0.233600838946877
0.918361599924282 0.394512520595323 0.0767179737191634 -0.160162266907515
-0.323396772447194 -0.132825559696674 -0.248362451739943 -0.254762907686438
0.195908640631429 -0.550666820770075 -0.350182220011007 0.21841624916915
0.203002767205044 -0.509553455687625 -0.342892466973148 -0.283055603897017
-0.14470600870875 -0.512184691932997 -0.337811474536687 -0.442531112010146
0.432787080367842 0.0753625578424917 -0.0353984617537241 -0.000212637830738105
-0.136392837101391 -0.204411491669851 -0.0943097899737166 -0.00374954443416176
-0.388695792370836 0.372132528064362 -0.28537537359553 0.106649657310578
0.178702613895948 0.306779502463578 0.190846775656087 -0.0618229113145872
0.0655345066531066 0.307463899260196 0.468236882762473 -0.155948988536231
-0.482178482576637 -0.0902362421648368 0.341665691648365 0.349862852713971
0.17167329183739 0.664658853390199 -0.597354490989818 0.364019286146061
-0.304968544865542 0.122164545694641 -0.204398640593485 -0.180353312268234
0.176382629805068 0.0202232206146917 -0.310276901380552 -0.21702077046181
-0.268249010042012 -0.0547716488437497 -0.0399310569808089 0.484493851979446
0.329205740994666 -0.0880894194803231 -0.211400708814491 -0.113280204286096
0.076609624574433 -0.0491164060103589 0.344063473077661 -0.176946746070358
0.0686014871647442 -0.0676802924252397 -0.344387441499183 -0.521708333775488
-0.287827837027625 -0.00215020443906355 -0.0161845576324676 -0.173828105302367
-0.0840419546881337 -0.187879766759365 0.326388100674953 -0.289291065111084
0.36921162308202 -0.142097711188812 0.263838634950144 0.113200013230958
-0.136531327576686 0.291316268491125 -0.246676675228538 0.410739014677558
-0.42147068979261 -0.173509003813004 -0.0140021012436172 -0.541127063380641
-0.408944588558203 -0.513788698086727 -0.362873342247378 -0.18981087862283
0.27061127529964 -0.0882152959878111 -0.117022839922929 0.546488583238188
0.235099825949487 -0.157936651484178 0.0701637952273613 -0.243737695948363
0.220934410947479 0.563056823977547 -0.671914155835508 0.252791667272958
0.431558437640209 0.0162267912308576 -0.11613791249225 -0.224914809111614
0.247439292808272 -0.278444930364949 -0.411683160048289 -0.665974596227952
-0.43967355027299 0.00989795404432026 -0.595563403596504 0.115451616848895
-0.346270110976968 -0.612219131181918 -0.104237350900055 0.177525639577674
0.164447953651526 -0.178370924172503 -0.407913205006926 0.00905036573035178
-0.00423028057155772 -0.263901136772311 -0.500302579365494 -0.306111207186719
-0.0562158047447471 -0.455318450221082 -0.233262315281102 -0.0481973829138878
-0.0716436398159725 0.0416020198624265 -0.663589612712534 0.165068547915398
0.299581307263093 -0.34110897362206 -0.230982789336198 -0.104234787581072
-0.0799803645438218 -0.107462349272012 -0.127683178794545 -0.0212462059706197
0.161434394020203 0.0373847672773164 0.340875598531768 -0.117739138652015
-0.396283264871173 0.00747995682268399 0.0708302802343181 0.409788435657171
0.267919500859044 -0.175167926397965 0.0338556890035968 -0.224398309069413
-0.537643257471982 -0.487366789930663 0.20779632066302 -0.677097595232003
-0.0403637868913391 0.16430530688104 0.197827852807198 -0.173594673532293
-0.224146683226588 0.131845191504832 -0.361822896805168 0.428282778405693
-0.0660402545899752 0.208149650571931 -0.0383877383772456 0.0182964325142394
-0.477911947953453 0.0383974966888418 -0.00517140958649831 0.182432270180045
0.129951764492445 -0.355075632407286 -0.612801182437639 -0.29980905569984
-0.0513677263246012 0.157815638937659 0.265604018913949 -0.276588242306166
0.0314556002420467 -0.95350795058314 -0.278620297954936 0.117296578279665
-0.295737948091515 -0.681934005992757 0.39127602663317 -0.469643971467077
-0.0925786231119903 -0.509764975069256 0.488330161020642 -0.202027044585712
-0.167841152258651 -0.215714246459193 -0.440010067785581 0.319312722428327
-0.840099780944543 0.129665980946982 -0.16129055411978 0.29108260037107
-0.197945916548168 0.112629451423612 0.0577117368090958 -0.496075683827785
0.260868098087635 -0.275734248828397 -0.262851934531259 0.0895145802469206
-0.301356555869076 -0.168196040371194 0.0985529136263448 0.0236986921415527
0.373692790522836 -0.061314343972165 -0.292774563486699 -0.0802428445010308
-0.44448559242214 -0.00359102529816813 -0.175296550057779 -0.0171590495821724
-0.243044150866908 -0.0861866444141347 -0.269780270552242 0.0220305007009081
-0.37063898720061 0.0459927283936123 -0.178870561519225 0.0269512963470586
-0.225954746352636 -0.266294785903991 -0.0501878796992896 -0.487341444259302
-0.458733080814763 -0.285232967687866 0.247226286340104 -0.114182312707794
0.069247592047609 0.0476608563959813 0.292728178339076 0.321061407413959
-0.543290757842327 0.388342136906036 0.189690885526221 -0.417000774649194
-0.359778266424987 -0.724207037434009 0.0696128582098834 -0.196580797951184
-0.520986130144294 0.251789499769953 0.0054976241415885 -0.118042327972058
-0.878186432087661 0.189373264969271 0.221027873665985 -0.0704731273910696
-0.236286100363874 -0.00204062639229829 0.253642647656209 0.165830290472108
0.485266971196648 -0.262615372221586 -0.139935421592848 -0.201084733471042
-0.294581640169419 0.0830909812722929 0.0290209482190775 -0.440893391706178
-0.395754493538179 -0.39833891786579 -0.128358637359224 0.455966365436942
-0.367450186543983 -0.579474529325549 -0.68707414710822 0.150618522346624
0.481702287348827 0.21265256385135 -0.0717146764846602 -0.0482213755773498
-0.214179274211897 0.000535408187410269 -0.135272698784066 0.054867108050076
-0.457403044772128 -0.199478591112076 -0.670522017563838 -0.820802590880044
-0.07620356236911 0.17894759489672 -0.0439956030260403 -0.194595713126715
0.193543799895716 0.134627907193462 -0.184572544143061 0.232552788480348
-0.122509703703372 0.0615028393417698 -0.187120696191972 -0.312045144729119
0.298631663643576 0.230249443066773 0.399923561962668 -0.118321925133012
0.270129112816343 0.0413388027461368 0.115839172995764 0.192155812479391
-0.322517226787724 0.302382252394471 -0.588455210731973 0.295163192396299
-0.672900654460127 -0.294196457504088 -0.127217212675548 -0.362831182175422
-0.225489492194172 -0.2227190941522 0.122582294049506 0.418803524694517
-0.289475368745022 -0.187820785136868 -0.279683371356484 -0.0914788866062157
-0.218951044244531 -0.366245487623959 -0.627846675018715 0.0665617600551871
0.320468578621798 -0.239352300233774 -0.117317031970048 0.223336846100196
-0.209080045677531 -0.0849782699017467 -0.422844540829551 -0.135028704186095
0.167895279116806 0.0488443985226266 -0.0206135687622698 0.262640591046599
-0.427931682431506 -0.0746810244091431 -0.0485014169427656 0.452302595506298
0.520793927529137 -0.348410356701853 0.263418815925061 -0.3594677352056
0.0534704430170576 -0.123762286511323 0.277623927080226 -0.184991269705088
-0.0802103884666888 -0.585572612859981 -0.0181877528587187 0.13436304605206
-0.612764652131213 -0.521846083578693 -0.0200434283346459 -0.114007172937457
0.019061991882259 -0.0454124834062036 0.294602648178415 -0.610077317100233
0.136463957248135 0.32164124617299 -0.422760106484154 -0.397147406641643
0.1972128970665 0.0698459834365275 0.291585684179754 -0.434593225591132
-0.013906751536405 0.307312969383236 0.173132907867014 0.295250626477193
0.0643411627344843 0.0818872351032613 0.165564756758384 -0.186810063941188
0.299436204378996 0.0609864351586966 -0.417892059750985 0.172559787430241
-0.34350654017904 -0.655092371462953 -0.216459869168304 -0.0742886505063264
0.0662414874671844 -0.502167888508121 0.34283983737237 -0.404678041446638
-0.66096741414203 0.228727402955673 -0.125266028648264 0.172467366873717
0.00101032878718055 -0.454572087718207 0.0392329221058239 0.0837551893978046
0.709043204966112 -0.797523694458613 -0.270526985056481 0.184828360446484
0.0354368839854582 -0.127658427063233 0.432269165444929 0.0601434478365266
-0.143026648386765 -0.0365931481553141 -0.231557542891411 -0.303972149412759
-0.189848080866916 0.15596952005465 -0.372654343653785 0.191751650909189
0.358469747298876 0.0354310583782813 -0.265854396726366 -0.157611248367505
0.200981856989356 -0.0972284850847953 0.0839912436513817 -0.273165347423156
-0.512732354443882 0.13686191600854 -0.452175351273883 0.0126425350595765
0.0521029696777573 0.0762203292824781 -0.208420937144669 -0.160090522454831
-0.0464223135463496 -0.206696670906674 -0.0504926916336023 0.112761664996485
-0.311408734516857 -0.405330974079693 0.180629736256001 -0.755778250441274
-0.397732855291057 -0.178838548520517 -0.105180455353343 -0.663717921575819
-0.451309224168432 -0.0295668048172857 0.429821327595479 -0.403882880876944
-0.277871963142965 0.212846137746247 0.372227821834515 -0.697777882883608
-0.563112002986911 -0.280381138057514 -0.151682645420761 -0.0313906363169317
-0.642640738518561 0.250369013872684 -0.298356858727404 0.181725585344704
0.267863300452191 0.286730246806735 -0.196397874973632 0.307083423364675
-0.150342469327906 0.215718511400028 0.0510659739730341 -0.069547496053969
-0.177593304561508 -0.325013233296404 0.0630307952779485 -0.122220775812363
-0.0149109089119037 0.0978036026632298 -0.424913452744188 0.0171693246542812
-0.470440027893272 0.270790776246212 -0.667618160930568 0.243718869405531
-0.762237099964756 0.475390463040186 0.150785989893492 0.303112397146617
-0.255706924063924 0.0220352014042289 0.0890559654710508 0.395019772059502
0.0282820977511791 0.374439567603969 0.0892186501369003 0.058949653202095
0.294337201608116 -0.459913465521775 -0.0809321498661011 -0.591044735136438
-0.343468885051654 0.0319739266251149 -0.423732928504296 -0.23303057983289
-0.316345402128364 -0.107647665664836 0.400042223814583 -0.113262627220111
0.129418906850124 -0.0402441485625462 -0.253033730740743 -0.687222664357903
0.100539521111858 0.507370058367576 -0.248368585796005 0.281466866558089
-0.104756108337243 -0.153562318369711 0.0797288575289277 -0.275319200918852
0.00958326786592245 0.438007295805974 -0.010380326826002 -0.776274142889163
-0.062737909927028 -0.307771090914473 -0.437854539450807 -0.559507014245046
-0.167014077970652 -0.265586487279004 -0.087112001914439 -0.127449018613436
-0.233477078768001 0.124642403055717 -0.121462923600147 -0.0203447029769258
0.0136791200908877 -0.269276063478846 -0.917823408872047 -0.12741511722782
0.256799396969548 -0.19033424177115 -0.243341467068545 0.162306337268964
-0.114564670546589 0.201476020793667 -0.155981475414074 -0.032267625171
0.349748748525937 -0.168959559236236 -0.5037352834512 -0.314880709951623
-0.000111563050455787 0.17218381126783 0.0732050656341883 0.125448251705655
-0.00319122342401623 -0.298681449714724 0.0775346932479608 0.108285670862631
-0.461366839531465 0.178263305839484 -0.227290272124553 -0.354830786581197
-0.0332483651699822 -0.12452752325898 -0.0252119740035203 0.0344291962415457
0.523504411382506 -0.212335191913794 0.0155123113640758 -0.638820682404254
0.406905775914529 0.0158795361983872 0.0820975760504399 0.329786469668013
0.109524149423515 0.338705392056002 -0.226961964775825 0.0564264214425896
-0.207515463901178 0.0997774531033264 -0.270926049326613 -0.559894258990003
0.128362507806977 -0.161935692915021 0.427552830971646 -0.475380272718813
-0.289586278229261 0.0908660134838253 -0.0673187791937117 -0.129978423112857
0.165571021120149 -0.15807627275076 0.284631470226301 -0.236457813795076
0.391716418426487 -0.154679716303857 -0.220863635846615 -0.170036500005393
0.237664572519038 -0.441121946492285 -0.402720250778582 0.0284148741187438
0.0806976662408432 -0.00989084589523059 0.0845150118291969 -0.468794370240132
-0.160980749521523 0.322586180727279 -0.307398385683752 -0.162193807152025
0.518575046079502 0.237406086711728 0.405409336411347 -0.0308167195594146
-0.417559514984047 -0.662013560245677 -0.446895889535786 0.119969863827653
0.156300039975947 -0.294791676905312 -0.266411011728174 -0.00129040267468472
-0.26753528773243 0.239748705599001 0.065484199661068 0.707126551862017
-0.158836189987401 -0.474747497399737 -0.556876909666435 -0.215868026632317
-0.0410024219208129 -0.289284467530452 0.161413395111556 -0.404800279895387
-0.25938924501288 -0.0547392310461093 0.213659928310989 -0.56026279108575
0.0134452465099699 -0.307394466072242 0.0443396717119042 -0.363657564801824
-0.373165848177497 -0.166118927016241 -0.275929808728522 0.303066571827847
-0.00251608027590955 0.0546240791763428 -0.0918308208404304 0.195544992025975
-0.333276313084971 -0.338613228567845 -0.0637737576840376 -0.126533635532123
0.0545049299175111 0.160079798292054 -0.182902461982363 0.383916183273008
-0.0491563995681058 -0.028927524818155 -0.522285639778657 -0.542998256302169
-0.679182990365538 -0.0958623900875403 0.0220793256151175 -0.178236259925068
-0.355547116047904 -0.233449144231393 -0.288175612672145 0.600117356385287
0.494485529314075 -0.292024706735415 0.0751100101359861 -0.50422456665877
0.0984540552024138 -0.389523516611596 -0.13406865240325 -0.301844122866857
0.604323221294057 0.173468150712221 0.412849461062482 0.187220046356005
0.0439394926688568 0.0819953271623426 -0.0967608886819903 0.0289187785994545
0.0916074222205978 -0.599259697613935 0.151861250865171 -0.000995641620250454
-0.295317790018501 -0.170859615595199 -0.0303338537931188 -0.304836915520123
0.342054220952333 -0.0762107779928348 -0.151692757925531 -0.514606792974477
0.498843160122065 -0.102095449756321 0.218832910050243 -0.280706184402291
0.136974922069407 0.431763173815628 0.175208522554591 -0.213816352501925
0.126590225982474 -0.197437077195838 -0.500419491908816 -0.102799539465248
-0.333314680020369 0.427602406190849 -0.248473298500761 0.0237945415813363
0.19194693123724 0.507313504701372 -0.489206136334579 -0.569865221262626
0.866815512778184 0.0212305682872236 -0.197421278973296 0.108907700089133
-0.194404548362093 -0.36992495110919 -0.0327673984497904 0.1192005170076
-0.038054344377598 0.228048420027889 -0.134743708018509 -0.250710380573127
-0.174949378159379 -0.3645112362288 -0.187754648059763 0.0378615345810525
-0.840084639747795 -0.0347034025135849 -0.236458146250767 0.137379159610193
-0.170081158854272 -0.41847600245275 -0.209689550953248 -0.557323273648494
0.279285447477174 0.0432550698718843 0.386505953721712 -0.19618882434503
-0.182362902158863 -0.546916039085602 -0.442277029961728 -0.0916802272044661
-0.274933887591761 -0.261690814980507 0.0896861309570527 -0.0739898489061218
-0.622901263449728 -0.192041123579983 0.0560141423804281 -0.308816698919765
0.549076017100181 -0.14201936812379 0.288034034715756 -0.498327359266732
-0.179792208046022 0.0895463556428728 0.00257628160996948 0.241690420652669
0.0501668544081073 0.226199011618391 0.190161596721494 0.248460371089164
-0.652485006353504 -0.100741653815519 0.0932862100222469 0.039176335045221
0.120252552335042 0.463413468307932 -0.221372561221557 -0.207805780287136
0.02701151008627 -0.128718194293973 -0.0562896602882117 0.19917700886465
-0.111570580165515 -0.160466525207971 0.161807550833901 -0.155098565616976
-0.21723059750659 0.16638057951548 0.271521948384136 0.0640826838738795
-0.614443931944634 0.11865577615253 -0.287388098048495 0.289708476820619
-0.442836551494519 -0.215722691978699 -0.400459097109511 0.560087549970629
-0.406702006229947 0.229737347977086 0.10456695988721 -0.502664096483681
-0.168217083868871 -0.280327494909827 -0.294758683659053 -0.104485772651928
0.0869067435251427 -0.220212712992036 -0.890782442808128 -0.315758608912112
0.274828822184599 -0.20901897507868 -0.382335253353095 0.114800441452388
0.553384900478391 0.582398863269364 -0.49627693815919 -0.349158540036414
-0.403819926468188 0.38677941741833 0.412179927358338 0.0336032130205313
0.147034414526275 -0.0805719199774328 -0.278818076916077 -0.0558373566222212
-0.323887528374263 0.164273796091735 -0.24107213420882 -0.074980321389241
0.197897182653221 -0.0280938546384312 -0.398948899740557 -0.43104349973332
0.164158989753177 -0.598169687259505 0.0106707668361432 0.305482548295555
-0.634075176738476 0.422396256175948 -0.00622922729331521 -0.307154230867383
0.0374158123077726 0.0816011420714222 0.223808716956581 0.372640709723178
0.201241969056781 0.140004233305488 -0.163388950819294 0.0937610383201535
-0.457150871157558 0.399647942199197 0.150723263126332 -0.134335972450726
-0.315769089438155 -0.139760494495333 0.180992908992492 -0.0600147161787367
0.0797403055901278 0.194735844878753 0.369852617557943 0.0886007132325468
-0.663089205912768 -0.430523185493854 0.0741733598213832 -0.326686962118736
0.22922245075895 -0.0616396186268541 -0.354032545362699 -0.205901499604257
-0.160316404358737 0.197823289166804 -0.955929460594622 -0.145797922466159
0.008357465453535 0.0465996599138487 0.0026486274333577 -0.406954843241237
-0.447714567478136 -0.223485715300444 0.0686912407014448 -0.177786950141365
-0.146953013475082 -0.436878121507706 -0.06855826365666 -0.601250164849947
-0.632687441134123 0.23026849154454 0.0280145482934584 -0.287564974417592
-0.547289664866162 -0.321754793028867 -0.134057757429981 -0.752711815619847
-0.262214094896434 0.0996861108747604 0.04244209745886 -0.0775301829759196
-0.0450299317467847 0.0339862757686133 -0.254256269465648 0.218338980382894
0.110870706830043 -0.040961170134204 -0.0228802828720261 -0.241540121695882
-0.284808863125549 -0.164373309632273 0.344282426400755 0.0157485529468393
0.443110816468825 0.0424218624478101 0.241881167278871 0.0344536840054404
-0.205823295509028 0.267723488806123 -0.206998287622344 0.0523252608126961
0.113137170814783 0.335660818044546 0.237986727925835 -0.286606115287321
-0.256111627008029 0.161103502032342 -0.00538078753826077 -0.0473840358271083
0.0496867365411606 -0.137206848842507 0.388204645146481 -0.09470791845935
-0.0631798175645373 0.135570314262688 0.122363059560412 -0.104791331778402
-0.16438485434096 -0.0754729393325333 -0.155824872944608 -0.673361482289424
-0.353106544590469 -0.233606132221434 -0.198298351929943 -0.234423006576967
0.0181849362569195 -0.0472553258822825 0.246496805080716 -0.102275783199988
0.4028760795552 0.0848023610281177 -0.166754459307067 0.0755256526301646
-0.29771986494984 -0.280540098587158 0.2479641435317 0.15430921322973
0.268813852183638 -0.00902367896948375 -0.15857452672692 -0.24379858080095
-0.202272253403393 -0.0142100316097908 -0.41499972243683 -0.661735537353404
0.237675263846692 -0.354022906731082 -0.11652893502225 -0.468651331724513
0.192575698289847 -0.270279926167405 -0.152456801193423 0.162942068615656
-0.317232404617894 0.523119792971146 0.275578724927373 -0.375947376927017
0.0913712043753849 0.0103930184181555 -0.250667544408816 -0.152587456042043
0.176912868427126 -0.198832112175357 0.271180857838479 0.3729602284227
-0.0567003104531546 0.296470270084542 0.0522389090743067 0.646010082184485
-0.38047297693415 -0.670602444586999 -0.343323303755903 -0.217236814835951
0.0322887018063462 -0.532240484311197 -0.476053187728544 0.169027646735309
0.0439607673702953 -0.123196948318064 0.123861330157303 0.0208312128643544
0.548180243543217 -0.0798528782865499 -0.2112911599385 0.128018071319126
-0.542599147089944 -0.0255809425821809 -0.415549243156396 0.385971430001609
-0.239902239162601 0.182931825565138 -0.777363470976897 -0.0319096341769942
-0.462809372153921 -0.669761860111448 -0.755703352789792 -0.108914619375922
-0.248075489739442 0.0404309321401193 -0.614036276430006 0.0987155367684502
-0.212912631538158 -0.0115810990689811 -0.0688077728729295 -0.240335648555342
-0.383487220173134 -0.599703528081496 -0.297998722196682 0.181440604935954
0.0124746132775935 0.0752980709241788 -0.537026143066198 -0.0135256809536105
-0.309751593333605 -0.0682699348149428 0.306810683121511 0.303757238187516
0.0183966891150993 -0.473222341511407 -0.610132516509946 0.134257300117255
0.0440857406508359 0.228126957749314 0.3485866626713 -0.569374079966057
-0.025180429092705 -0.257861782338217 -0.530211259977119 -0.305050116511258
0.453580729586351 -0.134475640464675 -0.375074636393958 -0.0464407664801582
-0.488113701395272 -0.0723019266672447 -0.339756487289701 -0.147412491899866
-0.164087111343531 -0.201466765079041 -0.302691114817554 0.107430210571313
0.11028537768617 0.165348536519144 0.247260719204678 -0.0308028341180464
0.292274729626591 0.063002750830681 -0.0369742676709103 -0.242048714580885
0.0962354601085413 -0.189766579004573 -0.427508938424414 -0.0598895151451221
-0.00191314469833126 -0.113784050731935 -0.775332128352746 -0.0872134373206631
-0.569331848697642 -0.159617328409348 -0.152043152387128 -0.108542429969237
-0.143042511541259 -0.241654103178883 -0.0607670208665881 0.0198396130908338
-0.20362511039211 0.308310229629134 0.125390342563273 0.29821500576122
0.622347092879968 0.0146476033734628 0.337761921885355 -0.173874153048942
0.1225647975029 0.0487012144572094 0.148530113452141 -0.662017559971716
-0.287832278683755 -0.327010143664733 -0.177365175760542 -0.452663647442625
0.249626705272566 -0.148543333992713 -0.0918557352692554 0.00621712238950867
-0.125030484120964 0.510866691640634 -0.156462428494647 -0.507556941975355
